1 1
2 1
3 1
4 1
5 1
6 1
7 1
8 1
9 1
10 1
11 1
12 1
13 1
14 1
15 1
16 1
17 1
18 1
19 1
20 1
21 1
22 1
23 1
24 1
25 1
26 1
27 1
28 1
29 1
30 1
31 1
32 1
33 1
34 1
35 1
36 1
37 1
38 1
39 1
40 1
41 1
42 1
43 1
44 1
45 1
46 1
47 1
48 1
49 1
50 1
51 1
52 1
53 1
54 1
55 1
56 1
57 1
58 1
59 1
60 1
61 1
62 1
63 1
64 1
65 1
66 1
67 1
68 1
69 1
70 1
71 1
72 1
73 1
74 1
75 1
76 1
77 1
78 1
79 1
80 1
81 1
82 1
83 1
84 1
85 1
86 1
87 1
88 1
89 1
90 1
91 1
92 1
93 1
94 1
95 1
96 1
97 1
98 1
99 1
100 1
101 1
102 1
103 1
104 1
105 1
106 1
107 1
108 1
109 1
110 1
111 1
112 1
113 1
114 1
115 1
116 1
117 1
118 1
119 1
120 1
121 1
122 1
123 1
124 1
125 1
126 1
127 1
128 1
129 1
130 1
131 1
132 1
133 1
134 1
135 1
136 1
137 1
138 1
139 1
140 1
141 1
142 1
143 1
144 1
145 1
146 1
147 1
148 1
149 1
150 1
151 1
152 1
153 1
154 1
155 1
156 1
157 1
158 1
159 1
160 1
161 1
162 1
163 1
164 1
165 1
166 1
167 1
168 1
169 1
170 1
171 1
172 1
173 1
174 1
175 1
176 1
177 1
178 1
179 1
180 1
181 1
182 1
183 1
184 1
185 1
186 1
187 1
188 1
189 1
190 1
191 1
192 1
193 1
194 1
195 1
196 1
197 1
198 1
199 1
200 1
201 1
202 1
203 1
204 1
205 1
206 1
207 1
208 1
209 1
210 1
211 1
212 1
213 1
214 1
215 1
216 1
217 1
218 1
219 1
220 1
221 1
222 1
223 1
224 1
225 1
226 1
227 1
228 1
229 1
230 1
231 1
232 1
233 1
234 1
235 1
236 1
237 1
238 1
239 1
240 1
241 1
242 1
243 1
244 1
245 1
246 1
247 1
248 1
249 1
250 1
251 1
252 1
253 1
254 1
255 1
256 1
257 1
258 1
259 1
260 1
261 1
262 1
263 1
264 1
265 1
266 1
267 1
268 1
269 1
270 1
271 1
272 1
273 1
274 1
275 1
276 1
277 1
278 1
279 1
280 1
281 1
282 1
283 1
284 1
285 1
286 1
287 1
288 1
289 1
290 1
291 1
292 1
293 1
294 1
295 1
296 1
297 1
298 1
299 1
300 1
301 1
302 1
303 1
304 1
305 1
306 1
307 1
308 1
309 1
310 1
311 1
312 1
313 1
314 1
315 1
316 1
317 1
318 1
319 1
320 1
321 1
322 1
323 1
324 1
325 1
326 1
327 1
328 1
329 1
330 1
331 2
332 2
333 2
334 2
335 2
336 2
337 2
338 2
339 2
340 2
341 2
342 2
343 2
344 2
345 2
346 2
347 2
348 2
349 2
350 2
351 2
352 2
353 2
354 2
355 2
356 2
357 2
358 2
359 2
360 2
361 2
362 2
363 2
364 2
365 2
366 2
367 2
368 2
369 2
370 2
371 2
372 2
373 2
374 2
375 2
376 2
377 2
378 2
379 2
380 2
381 2
382 2
383 2
384 2
385 2
386 2
387 2
388 2
389 2
390 2
391 2
392 2
393 2
394 2
395 2
396 2
397 2
398 2
399 2
400 2
401 2
402 2
403 2
404 2
405 2
406 2
407 2
408 2
409 2
410 2
411 2
412 2
413 2
414 2
415 2
416 2
417 2
418 2
419 2
420 2
421 2
422 2
423 2
424 2
425 2
426 2
427 2
428 2
429 2
430 2
431 2
432 2
433 2
434 2
435 2
436 2
437 2
438 2
439 2
440 2
441 2
442 2
443 2
444 2
445 2
446 2
447 2
448 2
449 2
450 2
451 2
452 2
453 2
454 2
455 2
456 2
457 2
458 2
459 2
460 2
461 2
462 2
463 2
464 2
465 2
466 2
467 2
468 2
469 2
470 2
471 2
472 2
473 2
474 2
475 2
476 2
477 2
478 2
479 2
480 2
481 2
482 2
483 2
484 2
485 2
486 2
487 2
488 2
489 2
490 2
491 2
492 2
493 2
494 2
495 2
496 2
497 2
498 2
499 2
500 2
501 2
502 2
503 2
504 2
505 2
506 2
507 2
508 2
509 2
510 2
511 2
512 2
513 2
514 2
515 2
516 2
517 2
518 2
519 2
520 2
521 2
522 2
523 2
524 2
525 2
526 2
527 2
528 2
529 2
530 2
531 2
532 2
533 2
534 2
535 2
536 2
537 2
538 3
539 3
540 3
541 3
542 3
543 3
544 3
545 3
546 3
547 3
548 3
549 3
550 3
551 3
552 3
553 3
554 3
555 3
556 3
557 3
558 3
559 3
560 3
561 3
562 3
563 3
564 3
565 3
566 3
567 3
568 3
569 3
570 3
571 3
572 3
573 3
574 3
575 3
576 3
577 3
578 3
579 3
580 3
581 3
582 3
583 3
584 3
585 3
586 3
587 3
588 3
589 3
590 3
591 3
592 3
593 3
594 3
595 3
596 3
597 3
598 3
599 3
600 3
601 3
602 3
603 3
604 3
605 3
606 3
607 3
608 3
609 3
610 3
611 3
612 3
613 3
614 3
615 3
616 3
617 3
618 3
619 3
620 3
621 3
622 3
623 3
624 3
625 3
626 3
627 3
628 3
629 3
630 3
631 3
632 3
633 3
634 3
635 3
636 3
637 3
638 3
639 3
640 3
641 3
642 3
643 3
644 3
645 3
646 3
647 3
648 3
649 3
650 3
651 3
652 3
653 3
654 3
655 3
656 3
657 3
658 3
659 3
660 3
661 3
662 3
663 3
664 3
665 3
666 3
667 3
668 3
669 3
670 3
671 3
672 3
673 3
674 3
675 3
676 3
677 3
678 3
679 3
680 3
681 3
682 3
683 3
684 3
685 3
686 3
687 3
688 3
689 3
690 3
691 3
692 3
693 3
694 3
695 3
696 3
697 3
698 3
699 3
700 3
701 3
702 3
703 3
704 3
705 3
706 3
707 3
708 3
709 3
710 3
711 3
712 3
713 3
714 3
715 3
716 3
717 3
718 3
719 3
720 3
721 3
722 3
723 3
724 3
725 3
726 3
727 3
728 3
729 3
730 3
731 3
732 3
733 3
734 3
735 3
736 3
737 3
738 3
739 3
740 3
741 3
742 3
743 3
744 3
745 3
746 3
747 3
748 3
749 3
750 3
751 3
752 3
753 3
754 3
755 3
756 3
757 3
758 3
759 3
760 3
761 3
762 3
763 3
764 3
765 3
766 3
767 3
768 3
769 3
770 3
771 3
772 3
773 3
774 3
775 3
776 3
777 3
778 3
779 3
780 3
781 3
782 3
783 3
784 3
785 3
786 3
787 3
788 3
789 3
790 3
791 3
792 3
793 3
794 3
795 3
796 3
797 3
798 3
799 3
800 3
801 3
802 3
803 3
804 3
805 3
806 3
807 3
808 3
809 3
810 3
811 3
812 3
813 3
814 3
815 3
816 3
817 3
818 3
819 3
820 3
821 3
822 3
823 3
824 3
825 3
826 3
827 3
828 3
829 3
830 3
831 3
832 3
833 3
834 3
835 3
836 3
837 3
838 3
839 3
840 3
841 3
842 3
843 3
844 3
845 3
846 3
847 3
848 3
849 3
850 3
851 3
852 3
853 3
854 3
855 3
856 3
857 3
858 3
859 3
860 3
861 3
862 3
863 3
864 3
865 3
866 3
867 3
868 3
869 3
870 3
871 3
872 3
873 3
874 3
875 3
876 3
877 3
878 3
879 3
880 3
881 3
882 3
883 3
884 3
885 3
886 3
887 3
888 3
889 3
890 3
891 3
892 3
893 3
894 3
895 3
896 3
897 3
898 3
899 3
900 3
901 3
902 3
903 3
904 3
905 3
906 3
907 3
908 3
909 3
910 3
911 3
912 3
913 3
914 3
915 3
916 3
917 3
918 3
919 3
920 3
921 3
922 3
923 3
924 3
925 3
926 3
927 3
928 3
929 3
930 3
931 3
932 3
933 3
934 3
935 3
936 3
937 3
938 3
939 3
940 3
941 3
942 3
943 3
944 3
945 3
946 3
947 3
948 3
949 3
950 3
951 3
952 3
953 3
954 3
955 3
956 3
957 3
958 3
959 3
960 3
961 3
962 3
963 3
964 3
965 3
966 3
967 3
968 3
969 3
970 3
971 3
972 3
973 3
974 4
975 4
976 4
977 4
978 4
979 4
980 4
981 4
982 4
983 4
984 4
985 4
986 4
987 4
988 4
989 4
990 4
991 4
992 4
993 4
994 4
995 4
996 4
997 4
998 4
999 4
1000 4
1001 4
1002 4
1003 4
1004 4
1005 4
1006 4
1007 4
1008 4
1009 4
1010 4
1011 4
1012 4
1013 4
1014 4
1015 4
1016 4
1017 4
1018 4
1019 4
1020 4
1021 4
1022 4
1023 4
1024 4
1025 4
1026 4
1027 4
1028 4
1029 4
1030 4
1031 4
1032 4
1033 4
1034 4
1035 4
1036 4
1037 4
1038 4
1039 4
1040 4
1041 4
1042 4
1043 4
1044 4
1045 4
1046 4
1047 4
1048 4
1049 4
1050 4
1051 4
1052 4
1053 4
1054 4
1055 4
1056 4
1057 4
1058 4
1059 4
1060 4
1061 4
1062 4
1063 4
1064 4
1065 4
1066 4
1067 4
1068 4
1069 4
1070 4
1071 4
1072 4
1073 4
1074 4
1075 4
1076 4
1077 4
1078 4
1079 4
1080 4
1081 4
1082 4
1083 4
1084 4
1085 4
1086 4
1087 4
1088 4
1089 4
1090 4
1091 4
1092 4
1093 4
1094 4
1095 4
1096 4
1097 4
1098 4
1099 4
1100 4
1101 4
1102 4
1103 4
1104 4
1105 4
1106 4
1107 4
1108 4
1109 4
1110 4
1111 4
1112 4
1113 4
1114 4
1115 4
1116 4
1117 4
1118 4
1119 4
1120 4
1121 4
1122 4
1123 4
1124 4
1125 4
1126 4
1127 4
1128 4
1129 4
1130 4
1131 4
1132 4
1133 4
1134 4
1135 4
1136 4
1137 4
1138 4
1139 4
1140 4
1141 4
1142 4
1143 4
1144 4
1145 4
1146 4
1147 4
1148 4
1149 4
1150 4
1151 4
1152 4
1153 4
1154 4
1155 4
1156 4
1157 4
1158 4
1159 4
1160 4
1161 4
1162 4
1163 4
1164 4
1165 4
1166 4
1167 4
1168 4
1169 4
1170 4
1171 4
1172 4
1173 4
1174 4
1175 4
1176 4
1177 4
1178 4
1179 4
1180 4
1181 4
1182 4
1183 4
1184 4
1185 4
1186 4
1187 4
1188 4
1189 4
1190 4
1191 4
1192 4
1193 4
1194 4
1195 4
1196 4
1197 4
1198 4
1199 4
1200 4
1201 4
1202 4
1203 4
1204 4
1205 4
1206 4
1207 4
1208 4
1209 4
1210 4
1211 4
1212 4
1213 4
1214 4
1215 4
1216 4
1217 4
1218 4
1219 4
1220 4
1221 4
1222 4
1223 4
1224 4
1225 4
1226 4
1227 4
1228 4
1229 4
1230 4
1231 4
1232 4
1233 4
1234 4
1235 4
1236 4
1237 4
1238 4
1239 4
1240 4
1241 4
1242 4
1243 4
1244 4
1245 4
1246 4
1247 4
1248 4
1249 4
1250 4
1251 4
1252 4
1253 4
1254 4
1255 4
1256 4
1257 4
1258 4
1259 4
1260 4
1261 4
1262 4
1263 4
1264 4
1265 4
1266 4
1267 4
1268 4
1269 4
1270 4
1271 4
1272 4
1273 4
1274 4
1275 4
1276 4
1277 4
1278 4
1279 4
1280 4
1281 4
1282 4
1283 4
1284 4
1285 4
1286 4
1287 4
1288 4
1289 5
1290 5
1291 5
1292 5
1293 5
1294 5
1295 5
1296 5
1297 5
1298 5
1299 5
1300 5
1301 5
1302 5
1303 5
1304 5
1305 5
1306 5
1307 5
1308 5
1309 5
1310 5
1311 5
1312 5
1313 5
1314 5
1315 5
1316 5
1317 5
1318 5
1319 5
1320 5
1321 5
1322 5
1323 5
1324 5
1325 5
1326 5
1327 5
1328 5
1329 5
1330 5
1331 5
1332 5
1333 5
1334 5
1335 5
1336 5
1337 5
1338 5
1339 5
1340 5
1341 5
1342 5
1343 5
1344 5
1345 5
1346 5
1347 5
1348 5
1349 5
1350 5
1351 5
1352 5
1353 5
1354 5
1355 5
1356 5
1357 5
1358 5
1359 5
1360 5
1361 5
1362 5
1363 5
1364 5
1365 5
1366 5
1367 5
1368 5
1369 5
1370 5
1371 5
1372 5
1373 5
1374 5
1375 5
1376 5
1377 5
1378 5
1379 5
1380 5
1381 5
1382 5
1383 5
1384 5
1385 5
1386 5
1387 5
1388 5
1389 5
1390 5
1391 5
1392 5
1393 5
1394 5
1395 5
1396 5
1397 5
1398 5
1399 5
1400 5
1401 5
1402 5
1403 5
1404 5
1405 5
1406 5
1407 5
1408 5
1409 5
1410 5
1411 5
1412 5
1413 5
1414 5
1415 5
1416 5
1417 5
1418 5
1419 5
1420 5
1421 5
1422 5
1423 5
1424 5
1425 5
1426 5
1427 5
1428 5
1429 5
1430 5
1431 5
1432 5
1433 5
1434 5
1435 5
1436 5
1437 5
1438 5
1439 5
1440 5
1441 5
1442 5
1443 5
1444 5
1445 5
1446 5
1447 5
1448 5
1449 5
1450 5
1451 5
1452 5
1453 5
1454 5
1455 5
1456 5
1457 5
1458 5
1459 5
1460 5
1461 5
1462 5
1463 5
1464 5
1465 5
1466 5
1467 5
1468 5
1469 5
1470 5
1471 5
1472 5
1473 5
1474 5
1475 5
1476 5
1477 6
1478 6
1479 6
1480 6
1481 6
1482 6
1483 6
1484 6
1485 6
1486 6
1487 6
1488 6
1489 6
1490 6
1491 6
1492 6
1493 6
1494 6
1495 6
1496 6
1497 6
1498 6
1499 6
1500 6
1501 6
1502 6
1503 6
1504 6
1505 6
1506 6
1507 6
1508 6
1509 6
1510 6
1511 6
1512 6
1513 6
1514 6
1515 6
1516 6
1517 6
1518 6
1519 6
1520 6
1521 6
1522 6
1523 6
1524 6
1525 6
1526 6
1527 6
1528 6
1529 6
1530 6
1531 6
1532 6
1533 6
1534 6
1535 6
1536 6
1537 6
1538 6
1539 6
1540 6
1541 6
1542 6
1543 6
1544 6
1545 6
1546 6
1547 6
1548 6
1549 6
1550 6
1551 6
1552 6
1553 6
1554 6
1555 6
1556 6
1557 6
1558 6
1559 6
1560 6
1561 6
1562 6
1563 6
1564 6
1565 6
1566 6
1567 6
1568 6
1569 6
1570 6
1571 6
1572 6
1573 6
1574 6
1575 6
1576 6
1577 6
1578 6
1579 6
1580 6
1581 6
1582 6
1583 6
1584 6
1585 6
1586 6
1587 6
1588 6
1589 6
1590 6
1591 6
1592 6
1593 6
1594 6
1595 6
1596 6
1597 6
1598 6
1599 6
1600 6
1601 6
1602 6
1603 6
1604 6
1605 6
1606 6
1607 6
1608 6
1609 6
1610 6
1611 6
1612 6
1613 6
1614 6
1615 6
1616 6
1617 6
1618 6
1619 6
1620 6
1621 6
1622 6
1623 6
1624 6
1625 6
1626 6
1627 6
1628 6
1629 6
1630 6
1631 6
1632 6
1633 6
1634 6
1635 6
1636 6
1637 6
1638 6
1639 6
1640 6
1641 6
1642 6
1643 6
1644 6
1645 6
1646 6
1647 6
1648 6
1649 6
1650 6
1651 6
1652 6
1653 6
1654 6
1655 6
1656 6
1657 6
1658 6
1659 6
1660 6
1661 6
1662 6
1663 6
1664 6
1665 6
1666 6
1667 6
1668 6
1669 6
1670 6
1671 6
1672 6
1673 6
1674 6
1675 6
1676 6
1677 6
1678 6
1679 6
1680 6
1681 6
1682 6
1683 6
1684 6
1685 6
1686 6
1687 6
1688 6
1689 6
1690 6
1691 6
1692 6
1693 6
1694 6
1695 6
1696 6
1697 6
1698 6
1699 6
1700 6
1701 6
1702 6
1703 6
1704 6
1705 6
1706 6
1707 6
1708 6
1709 6
1710 6
1711 6
1712 6
1713 6
1714 6
1715 6
1716 6
1717 6
1718 6
1719 6
1720 6
1721 6
1722 6
1723 6
1724 6
1725 6
1726 6
1727 6
1728 6
1729 6
1730 6
1731 6
1732 6
1733 6
1734 6
1735 6
1736 6
1737 6
1738 6
1739 6
1740 6
1741 6
1742 6
1743 6
1744 6
1745 6
1746 6
1747 6
1748 6
1749 6
1750 6
1751 6
1752 6
1753 6
1754 6
1755 6
1756 6
1757 6
1758 6
1759 6
1760 6
1761 6
1762 6
1763 6
1764 6
1765 6
1766 6
1767 6
1768 6
1769 6
1770 6
1771 6
1772 6
1773 6
1774 6
1775 6
1776 6
1777 6
1778 6
1779 6
1780 6
1781 6
1782 6
1783 6
1784 6
1785 6
1786 6
1787 6
1788 6
1789 6
1790 6
1791 6
1792 6
1793 6
1794 6
1795 6
1796 6
1797 6
1798 6
1799 6
1800 6
1801 6
1802 6
1803 6
1804 6
1805 6
1806 6
1807 6
1808 6
1809 6
1810 6
1811 6
1812 6
1813 6
1814 6
1815 6
1816 6
1817 6
1818 6
1819 6
1820 6
1821 6
1822 6
1823 6
1824 6
1825 6
1826 6
1827 6
1828 6
1829 6
1830 6
1831 6
1832 6
1833 6
1834 6
1835 6
1836 6
1837 6
1838 6
1839 6
1840 6
1841 6
1842 6
1843 6
1844 6
1845 6
1846 6
1847 6
1848 6
1849 6
1850 6
1851 6
1852 6
1853 6
1854 6
1855 6
1856 6
1857 6
1858 6
1859 6
1860 6
1861 6
1862 6
1863 6
1864 6
1865 6
1866 6
1867 6
1868 6
1869 6
1870 6
1871 6
1872 6
1873 6
1874 6
1875 6
1876 6
1877 6
1878 6
1879 6
1880 6
1881 6
1882 6
1883 6
1884 6
1885 6
1886 6
1887 6
1888 6
1889 6
1890 6
1891 6
1892 6
1893 6
1894 6
1895 6
1896 6
1897 6
1898 6
1899 6
1900 6
1901 6
1902 6
1903 6
1904 6
1905 6
1906 6
1907 6
1908 6
1909 6
1910 6
1911 6
1912 6
1913 6
1914 6
1915 6
1916 6
1917 7
1918 7
1919 7
1920 7
1921 7
1922 7
1923 7
1924 7
1925 7
1926 7
1927 7
1928 7
1929 7
1930 7
1931 7
1932 7
1933 7
1934 7
1935 7
1936 7
1937 7
1938 7
1939 7
1940 7
1941 7
1942 7
1943 7
1944 7
1945 7
1946 7
1947 7
1948 7
1949 7
1950 7
1951 7
1952 7
1953 7
1954 7
1955 7
1956 7
1957 7
1958 7
1959 7
1960 7
1961 7
1962 7
1963 7
1964 7
1965 7
1966 7
1967 7
1968 7
1969 7
1970 7
1971 7
1972 7
1973 7
1974 7
1975 7
1976 7
1977 7
1978 7
1979 7
1980 7
1981 7
1982 7
1983 7
1984 7
1985 7
1986 7
1987 7
1988 7
1989 7
1990 7
1991 7
1992 7
1993 7
1994 7
1995 7
1996 7
1997 7
1998 7
1999 7
2000 7
2001 7
2002 7
2003 7
2004 7
2005 7
2006 7
2007 7
2008 7
2009 7
2010 7
2011 7
2012 7
2013 7
2014 7
2015 7
2016 7
2017 7
2018 7
2019 7
2020 7
2021 7
2022 7
2023 7
2024 7
2025 7
2026 7
2027 7
2028 7
2029 7
2030 7
2031 7
2032 7
2033 7
2034 7
2035 7
2036 7
2037 7
2038 7
2039 7
2040 7
2041 7
2042 7
2043 7
2044 7
2045 7
2046 7
2047 7
2048 7
2049 7
2050 7
2051 7
2052 7
2053 7
2054 7
2055 7
2056 7
2057 7
2058 7
2059 7
2060 7
2061 7
2062 7
2063 7
2064 7
2065 7
2066 7
2067 7
2068 7
2069 7
2070 7
2071 7
2072 7
2073 7
2074 7
2075 7
2076 7
2077 7
2078 7
2079 7
2080 7
2081 7
2082 7
2083 7
2084 7
2085 7
2086 7
2087 7
2088 7
2089 7
2090 7
2091 7
2092 7
2093 7
2094 7
2095 7
2096 7
2097 7
2098 7
2099 7
2100 7
2101 7
2102 7
2103 7
2104 7
2105 7
2106 7
2107 7
2108 7
2109 7
2110 7
2111 7
2112 7
2113 7
2114 7
2115 7
2116 7
2117 7
2118 7
2119 7
2120 7
2121 7
2122 7
2123 7
2124 7
2125 7
2126 7
2127 7
2128 7
2129 7
2130 7
2131 7
2132 7
2133 7
2134 7
2135 7
2136 7
2137 7
2138 7
2139 7
2140 7
2141 7
2142 7
2143 7
2144 7
2145 7
2146 7
2147 7
2148 7
2149 7
2150 7
2151 7
2152 7
2153 7
2154 7
2155 7
2156 7
2157 7
2158 7
2159 7
2160 7
2161 7
2162 7
2163 7
2164 7
2165 7
2166 7
2167 8
2168 8
2169 8
2170 8
2171 8
2172 8
2173 8
2174 8
2175 8
2176 8
2177 8
2178 8
2179 8
2180 8
2181 8
2182 8
2183 8
2184 8
2185 8
2186 8
2187 8
2188 8
2189 8
2190 8
2191 8
2192 8
2193 8
2194 8
2195 8
2196 8
2197 8
2198 8
2199 8
2200 8
2201 8
2202 8
2203 8
2204 8
2205 8
2206 8
2207 8
2208 8
2209 8
2210 8
2211 8
2212 8
2213 8
2214 8
2215 8
2216 8
2217 8
2218 8
2219 8
2220 8
2221 8
2222 8
2223 8
2224 8
2225 8
2226 8
2227 8
2228 8
2229 8
2230 8
2231 8
2232 8
2233 8
2234 8
2235 8
2236 8
2237 8
2238 8
2239 8
2240 8
2241 8
2242 8
2243 8
2244 8
2245 8
2246 8
2247 8
2248 8
2249 8
2250 8
2251 8
2252 8
2253 8
2254 8
2255 8
2256 8
2257 8
2258 8
2259 8
2260 8
2261 8
2262 8
2263 8
2264 8
2265 8
2266 8
2267 8
2268 8
2269 8
2270 8
2271 8
2272 8
2273 8
2274 8
2275 8
2276 8
2277 8
2278 8
2279 8
2280 8
2281 8
2282 8
2283 8
2284 8
2285 8
2286 8
2287 8
2288 8
2289 8
2290 8
2291 8
2292 8
2293 8
2294 8
2295 8
2296 8
2297 8
2298 8
2299 8
2300 8
2301 8
2302 8
2303 8
2304 8
2305 8
2306 8
2307 8
2308 8
2309 8
2310 8
2311 8
2312 8
2313 8
2314 8
2315 8
2316 8
2317 8
2318 8
2319 8
2320 8
2321 8
2322 8
2323 8
2324 8
2325 8
2326 8
2327 8
2328 8
2329 8
2330 8
2331 8
2332 8
2333 8
2334 8
2335 8
2336 8
2337 8
2338 8
2339 8
2340 8
2341 8
2342 8
2343 8
2344 8
2345 8
2346 8
2347 8
2348 8
2349 8
2350 8
2351 8
2352 8
2353 8
2354 8
2355 8
2356 8
2357 8
2358 8
2359 8
2360 8
2361 8
2362 8
2363 8
2364 8
2365 8
2366 8
2367 8
2368 8
2369 8
2370 8
2371 8
2372 8
2373 8
2374 8
2375 8
2376 8
2377 8
2378 8
2379 8
2380 8
2381 8
2382 8
2383 8
2384 8
2385 8
2386 8
2387 8
2388 8
2389 8
2390 8
2391 8
2392 8
2393 8
2394 8
2395 8
2396 8
2397 8
2398 8
2399 8
2400 8
2401 8
2402 8
2403 8
2404 8
2405 8
2406 8
2407 8
2408 8
2409 8
2410 8
2411 9
2412 9
2413 9
2414 9
2415 9
2416 9
2417 9
2418 9
2419 9
2420 9
2421 9
2422 9
2423 9
2424 9
2425 9
2426 9
2427 9
2428 9
2429 9
2430 9
2431 9
2432 9
2433 9
2434 9
2435 9
2436 9
2437 9
2438 9
2439 9
2440 9
2441 9
2442 9
2443 9
2444 9
2445 9
2446 9
2447 9
2448 9
2449 9
2450 9
2451 9
2452 9
2453 9
2454 9
2455 9
2456 9
2457 9
2458 9
2459 9
2460 9
2461 9
2462 9
2463 9
2464 9
2465 9
2466 9
2467 9
2468 9
2469 9
2470 9
2471 9
2472 9
2473 9
2474 9
2475 9
2476 9
2477 9
2478 9
2479 9
2480 9
2481 9
2482 9
2483 9
2484 9
2485 9
2486 9
2487 9
2488 9
2489 9
2490 9
2491 9
2492 9
2493 9
2494 9
2495 9
2496 9
2497 9
2498 9
2499 9
2500 9
2501 9
2502 9
2503 9
2504 9
2505 9
2506 9
2507 9
2508 9
2509 9
2510 9
2511 9
2512 9
2513 9
2514 9
2515 9
2516 9
2517 9
2518 9
2519 9
2520 9
2521 9
2522 9
2523 9
2524 9
2525 9
2526 9
2527 9
2528 9
2529 9
2530 9
2531 9
2532 9
2533 9
2534 9
2535 9
2536 9
2537 9
2538 9
2539 9
2540 9
2541 9
2542 9
2543 9
2544 9
2545 9
2546 9
2547 9
2548 9
2549 9
2550 9
2551 9
2552 9
2553 9
2554 9
2555 9
2556 9
2557 9
2558 9
2559 9
2560 9
2561 9
2562 9
2563 9
2564 9
2565 9
2566 9
2567 9
2568 9
2569 9
2570 9
2571 9
2572 9
2573 9
2574 9
2575 9
2576 9
2577 9
2578 9
2579 9
2580 9
2581 9
2582 9
2583 9
2584 9
2585 9
2586 9
2587 9
2588 9
2589 9
2590 9
2591 9
2592 9
2593 9
2594 9
2595 9
2596 9
2597 9
2598 9
2599 9
2600 9
2601 9
2602 9
2603 9
2604 9
2605 9
2606 9
2607 9
2608 9
2609 9
2610 9
2611 9
2612 9
2613 9
2614 9
2615 9
2616 9
2617 9
2618 9
2619 9
2620 9
2621 9
2622 9
2623 9
2624 9
2625 9
2626 9
2627 9
2628 9
2629 9
2630 9
2631 9
2632 9
2633 9
2634 9
2635 9
2636 9
2637 9
2638 9
2639 9
2640 9
2641 9
2642 9
2643 9
2644 9
2645 9
2646 9
2647 9
2648 9
2649 9
2650 9
2651 9
2652 9
2653 9
2654 9
2655 9
2656 9
2657 9
2658 9
2659 9
2660 9
2661 9
2662 9
2663 9
2664 9
2665 9
2666 9
2667 9
2668 9
2669 9
2670 9
2671 9
2672 9
2673 9
2674 9
2675 9
2676 9
2677 9
2678 9
2679 9
2680 9
2681 9
2682 9
2683 9
2684 9
2685 9
2686 9
2687 9
2688 9
2689 9
2690 10
2691 10
2692 10
2693 10
2694 10
2695 10
2696 10
2697 10
2698 10
2699 10
2700 10
2701 10
2702 10
2703 10
2704 10
2705 10
2706 10
2707 10
2708 10
2709 10
2710 10
2711 10
2712 10
2713 10
2714 10
2715 10
2716 10
2717 10
2718 10
2719 10
2720 10
2721 10
2722 10
2723 10
2724 10
2725 10
2726 10
2727 10
2728 10
2729 10
2730 10
2731 10
2732 10
2733 10
2734 10
2735 10
2736 10
2737 10
2738 10
2739 10
2740 10
2741 10
2742 10
2743 10
2744 10
2745 10
2746 10
2747 10
2748 10
2749 10
2750 10
2751 10
2752 10
2753 10
2754 10
2755 10
2756 10
2757 10
2758 10
2759 10
2760 10
2761 10
2762 10
2763 10
2764 10
2765 10
2766 10
2767 10
2768 10
2769 10
2770 10
2771 10
2772 10
2773 10
2774 10
2775 10
2776 10
2777 10
2778 10
2779 10
2780 10
2781 10
2782 10
2783 10
2784 10
2785 10
2786 10
2787 10
2788 10
2789 10
2790 10
2791 10
2792 10
2793 10
2794 10
2795 10
2796 10
2797 10
2798 10
2799 10
2800 10
2801 10
2802 10
2803 10
2804 10
2805 10
2806 10
2807 10
2808 10
2809 10
2810 10
2811 10
2812 10
2813 10
2814 10
2815 10
2816 10
2817 10
2818 10
2819 10
2820 10
2821 10
2822 10
2823 10
2824 10
2825 10
2826 10
2827 10
2828 10
2829 10
2830 10
2831 10
2832 10
2833 10
2834 10
2835 10
2836 10
2837 10
2838 10
2839 10
2840 10
2841 10
2842 10
2843 10
2844 10
2845 10
2846 10
2847 10
2848 10
2849 10
2850 10
2851 10
2852 10
2853 10
2854 10
2855 10
2856 10
2857 10
2858 10
2859 10
2860 10
2861 10
2862 10
2863 10
2864 10
2865 10
2866 10
2867 10
2868 10
2869 10
2870 10
2871 10
2872 10
2873 10
2874 10
2875 10
2876 10
2877 10
2878 10
2879 10
2880 10
2881 10
2882 10
2883 10
2884 10
2885 10
2886 10
2887 10
2888 10
2889 10
2890 10
2891 10
2892 10
2893 10
2894 10
2895 10
2896 10
2897 10
2898 10
2899 10
2900 10
2901 10
2902 10
2903 10
2904 10
2905 10
2906 10
2907 10
2908 10
2909 10
2910 10
2911 10
2912 10
2913 10
2914 10
2915 10
2916 10
2917 10
2918 10
2919 10
2920 10
2921 10
2922 10
2923 10
2924 10
2925 10
2926 10
2927 10
2928 10
2929 10
2930 10
2931 10
2932 10
2933 10
2934 10
2935 10
2936 10
2937 10
2938 10
2939 10
2940 10
2941 10
2942 10
2943 10
2944 10
2945 10
2946 10
2947 10
2948 10
2949 10
2950 10
2951 10
2952 10
2953 10
2954 10
2955 10
2956 10
2957 10
2958 10
2959 10
2960 10
2961 10
2962 10
2963 10
2964 10
2965 10
2966 10
2967 10
2968 10
2969 10
2970 10
2971 10
2972 10
2973 10
2974 10
2975 10
2976 10
2977 10
2978 10
2979 10
2980 10
2981 10
2982 10
2983 10
2984 10
2985 10
2986 10
2987 10
2988 10
2989 10
2990 10
2991 10
2992 10
2993 10
2994 10
2995 10
2996 10
2997 10
2998 10
2999 10
3000 10
3001 10
3002 10
3003 10
3004 10
3005 10
3006 10
3007 10
3008 10
3009 10
3010 10
3011 10
3012 10
3013 10
3014 10
3015 10
3016 10
3017 10
3018 10
3019 10
3020 11
3021 11
3022 11
3023 11
3024 11
3025 11
3026 11
3027 11
3028 11
3029 11
3030 11
3031 11
3032 11
3033 11
3034 11
3035 11
3036 11
3037 11
3038 11
3039 11
3040 11
3041 11
3042 11
3043 11
3044 11
3045 11
3046 11
3047 11
3048 11
3049 11
3050 11
3051 11
3052 11
3053 11
3054 11
3055 11
3056 11
3057 11
3058 11
3059 11
3060 11
3061 11
3062 11
3063 11
3064 11
3065 11
3066 11
3067 11
3068 11
3069 11
3070 11
3071 11
3072 11
3073 11
3074 11
3075 11
3076 11
3077 11
3078 11
3079 11
3080 11
3081 11
3082 11
3083 11
3084 11
3085 11
3086 11
3087 11
3088 11
3089 11
3090 11
3091 11
3092 11
3093 11
3094 11
3095 11
3096 11
3097 11
3098 11
3099 11
3100 11
3101 11
3102 11
3103 11
3104 11
3105 11
3106 11
3107 11
3108 11
3109 11
3110 11
3111 11
3112 11
3113 11
3114 11
3115 11
3116 11
3117 11
3118 11
3119 11
3120 11
3121 11
3122 11
3123 11
3124 11
3125 11
3126 11
3127 11
3128 11
3129 11
3130 11
3131 11
3132 11
3133 11
3134 11
3135 11
3136 11
3137 11
3138 11
3139 11
3140 11
3141 11
3142 11
3143 11
3144 11
3145 11
3146 11
3147 11
3148 11
3149 11
3150 11
3151 11
3152 11
3153 11
3154 11
3155 11
3156 11
3157 11
3158 11
3159 11
3160 11
3161 11
3162 11
3163 11
3164 11
3165 11
3166 11
3167 11
3168 11
3169 11
3170 11
3171 11
3172 11
3173 11
3174 11
3175 11
3176 11
3177 11
3178 11
3179 11
3180 11
3181 11
3182 11
3183 11
3184 11
3185 11
3186 11
3187 11
3188 11
3189 11
3190 11
3191 11
3192 11
3193 11
3194 11
3195 11
3196 11
3197 11
3198 11
3199 11
3200 11
3201 11
3202 11
3203 11
3204 11
3205 11
3206 11
3207 11
3208 11
3209 11
3210 11
3211 11
3212 11
3213 11
3214 11
3215 11
3216 11
3217 11
3218 11
3219 11
3220 11
3221 11
3222 11
3223 11
3224 11
3225 11
3226 11
3227 11
3228 11
3229 11
3230 11
3231 11
3232 11
3233 11
3234 11
3235 11
3236 11
3237 11
3238 11
3239 11
3240 11
3241 11
3242 11
3243 11
3244 11
3245 11
3246 11
3247 11
3248 11
3249 11
3250 11
3251 11
3252 11
3253 11
3254 11
3255 11
3256 11
3257 11
3258 11
3259 11
3260 11
3261 11
3262 11
3263 11
3264 11
3265 11
3266 11
3267 11
3268 11
3269 11
3270 11
3271 11
3272 11
3273 11
3274 11
3275 11
3276 11
3277 11
3278 11
3279 11
3280 11
3281 11
3282 12
3283 12
3284 12
3285 12
3286 12
3287 12
3288 12
3289 12
3290 12
3291 12
3292 12
3293 12
3294 12
3295 12
3296 12
3297 12
3298 12
3299 12
3300 12
3301 12
3302 12
3303 12
3304 12
3305 12
3306 12
3307 12
3308 12
3309 12
3310 12
3311 12
3312 12
3313 12
3314 12
3315 12
3316 12
3317 12
3318 12
3319 12
3320 12
3321 12
3322 12
3323 12
3324 12
3325 12
3326 12
3327 12
3328 12
3329 12
3330 12
3331 12
3332 12
3333 12
3334 12
3335 12
3336 12
3337 12
3338 12
3339 12
3340 12
3341 12
3342 12
3343 12
3344 12
3345 12
3346 12
3347 12
3348 12
3349 12
3350 12
3351 12
3352 12
3353 12
3354 12
3355 12
3356 12
3357 12
3358 12
3359 12
3360 12
3361 12
3362 12
3363 12
3364 12
3365 12
3366 12
3367 12
3368 12
3369 12
3370 12
3371 12
3372 12
3373 12
3374 12
3375 12
3376 12
3377 12
3378 12
3379 12
3380 12
3381 12
3382 12
3383 12
3384 12
3385 12
3386 12
3387 12
3388 12
3389 12
3390 12
3391 12
3392 12
3393 12
3394 12
3395 12
3396 12
3397 12
3398 12
3399 12
3400 12
3401 12
3402 12
3403 12
3404 12
3405 12
3406 12
3407 12
3408 12
3409 12
3410 12
3411 12
3412 12
3413 12
3414 12
3415 12
3416 12
3417 12
3418 12
3419 12
3420 12
3421 12
3422 12
3423 12
3424 12
3425 12
3426 12
3427 12
3428 12
3429 12
3430 12
3431 12
3432 12
3433 12
3434 12
3435 12
3436 12
3437 12
3438 12
3439 12
3440 12
3441 12
3442 12
3443 12
3444 12
3445 12
3446 12
3447 12
3448 12
3449 12
3450 12
3451 12
3452 12
3453 12
3454 12
3455 12
3456 12
3457 12
3458 12
3459 12
3460 12
3461 12
3462 12
3463 12
3464 12
3465 12
3466 12
3467 12
3468 12
3469 12
3470 12
3471 12
3472 12
3473 12
3474 12
3475 12
3476 12
3477 12
3478 12
3479 12
3480 12
3481 12
3482 12
3483 12
3484 12
3485 12
3486 12
3487 12
3488 12
3489 12
3490 12
3491 12
3492 12
3493 12
3494 12
3495 12
3496 12
3497 12
3498 12
3499 12
3500 12
3501 12
3502 12
3503 12
3504 12
3505 12
3506 12
3507 12
3508 12
3509 12
3510 12
3511 13
3512 13
3513 13
3514 13
3515 13
3516 13
3517 13
3518 13
3519 13
3520 13
3521 13
3522 13
3523 13
3524 13
3525 13
3526 13
3527 13
3528 13
3529 13
3530 13
3531 13
3532 13
3533 13
3534 13
3535 13
3536 13
3537 13
3538 13
3539 13
3540 13
3541 13
3542 13
3543 13
3544 13
3545 13
3546 13
3547 13
3548 13
3549 13
3550 13
3551 13
3552 13
3553 13
3554 13
3555 13
3556 13
3557 13
3558 13
3559 13
3560 13
3561 13
3562 13
3563 13
3564 13
3565 13
3566 13
3567 13
3568 13
3569 13
3570 13
3571 13
3572 13
3573 13
3574 13
3575 13
3576 13
3577 13
3578 13
3579 13
3580 13
3581 13
3582 13
3583 13
3584 13
3585 13
3586 13
3587 13
3588 13
3589 13
3590 13
3591 13
3592 13
3593 13
3594 13
3595 13
3596 13
3597 13
3598 13
3599 13
3600 13
3601 13
3602 13
3603 13
3604 13
3605 13
3606 13
3607 13
3608 13
3609 13
3610 13
3611 13
3612 13
3613 13
3614 13
3615 13
3616 13
3617 14
3618 14
3619 14
3620 14
3621 14
3622 14
3623 14
3624 14
3625 14
3626 14
3627 14
3628 14
3629 14
3630 14
3631 14
3632 14
3633 14
3634 14
3635 14
3636 14
3637 14
3638 14
3639 14
3640 14
3641 14
3642 14
3643 14
3644 14
3645 14
3646 14
3647 14
3648 14
3649 14
3650 14
3651 14
3652 14
3653 14
3654 14
3655 14
3656 14
3657 14
3658 14
3659 14
3660 14
3661 14
3662 14
3663 14
3664 14
3665 14
3666 14
3667 14
3668 14
3669 14
3670 14
3671 14
3672 14
3673 14
3674 14
3675 14
3676 14
3677 14
3678 14
3679 14
3680 14
3681 14
3682 14
3683 14
3684 14
3685 14
3686 14
3687 14
3688 14
3689 14
3690 14
3691 14
3692 14
3693 14
3694 14
3695 14
3696 14
3697 14
3698 14
3699 14
3700 14
3701 14
3702 14
3703 14
3704 14
3705 14
3706 14
3707 14
3708 14
3709 14
3710 14
3711 14
3712 14
3713 14
3714 14
3715 14
3716 14
3717 14
3718 14
3719 14
3720 14
3721 14
3722 14
3723 14
3724 14
3725 14
3726 14
3727 14
3728 14
3729 14
3730 14
3731 14
3732 14
3733 14
3734 14
3735 14
3736 14
3737 14
3738 14
3739 14
3740 14
3741 14
3742 14
3743 14
3744 14
3745 14
3746 14
3747 14
3748 14
3749 14
3750 14
3751 14
3752 14
3753 14
3754 14
3755 14
3756 14
3757 14
3758 14
3759 14
3760 14
3761 14
3762 14
3763 14
3764 14
3765 14
3766 14
3767 14
3768 14
3769 14
3770 14
3771 14
3772 14
3773 14
3774 14
3775 14
3776 14
3777 14
3778 14
3779 14
3780 14
3781 14
3782 14
3783 14
3784 14
3785 14
3786 14
3787 14
3788 14
3789 14
3790 14
3791 14
3792 14
3793 14
3794 14
3795 14
3796 14
3797 14
3798 14
3799 14
3800 14
3801 14
3802 14
3803 14
3804 14
3805 14
3806 14
3807 14
3808 14
3809 14
3810 14
3811 14
3812 14
3813 14
3814 14
3815 14
3816 14
3817 14
3818 14
3819 14
3820 15
3821 15
3822 15
3823 15
3824 15
3825 15
3826 15
3827 15
3828 15
3829 15
3830 15
3831 15
3832 15
3833 15
3834 15
3835 15
3836 15
3837 15
3838 15
3839 15
3840 15
3841 15
3842 15
3843 15
3844 15
3845 15
3846 15
3847 15
3848 15
3849 15
3850 15
3851 15
3852 15
3853 15
3854 15
3855 15
3856 15
3857 15
3858 15
3859 15
3860 15
3861 15
3862 15
3863 15
3864 15
3865 15
3866 15
3867 15
3868 15
3869 15
3870 15
3871 15
3872 15
3873 15
3874 15
3875 15
3876 15
3877 15
3878 15
3879 15
3880 15
3881 15
3882 15
3883 15
3884 15
3885 15
3886 15
3887 15
3888 15
3889 15
3890 15
3891 15
3892 15
3893 15
3894 15
3895 15
3896 15
3897 15
3898 15
3899 15
3900 15
3901 15
3902 15
3903 15
3904 15
3905 15
3906 15
3907 15
3908 15
3909 15
3910 15
3911 15
3912 15
3913 15
3914 15
3915 15
3916 15
3917 15
3918 15
3919 15
3920 15
3921 15
3922 15
3923 15
3924 15
3925 15
3926 15
3927 15
3928 15
3929 15
3930 15
3931 15
3932 15
3933 15
3934 15
3935 15
3936 15
3937 15
3938 15
3939 15
3940 15
3941 15
3942 15
3943 15
3944 15
3945 15
3946 15
3947 15
3948 15
3949 15
3950 15
3951 15
3952 15
3953 15
3954 15
3955 15
3956 15
3957 15
3958 15
3959 15
3960 15
3961 15
3962 15
3963 15
3964 15
3965 15
3966 15
3967 15
3968 15
3969 15
3970 15
3971 15
3972 15
3973 15
3974 15
3975 15
3976 15
3977 15
3978 15
3979 15
3980 15
3981 15
3982 15
3983 15
3984 15
3985 15
3986 15
3987 15
3988 15
3989 15
3990 15
3991 15
3992 15
3993 16
3994 16
3995 16
3996 16
3997 16
3998 16
3999 16
4000 16
4001 16
4002 16
4003 16
4004 16
4005 16
4006 16
4007 16
4008 16
4009 16
4010 16
4011 16
4012 16
4013 16
4014 16
4015 16
4016 16
4017 16
4018 16
4019 16
4020 16
4021 16
4022 16
4023 16
4024 16
4025 16
4026 16
4027 16
4028 16
4029 16
4030 16
4031 16
4032 16
4033 16
4034 16
4035 16
4036 16
4037 16
4038 16
4039 16
4040 16
4041 16
4042 16
4043 16
4044 16
4045 16
4046 16
4047 16
4048 16
4049 16
4050 16
4051 16
4052 16
4053 16
4054 16
4055 16
4056 16
4057 16
4058 16
4059 16
4060 16
4061 16
4062 16
4063 16
4064 16
4065 16
4066 16
4067 16
4068 16
4069 16
4070 16
4071 16
4072 16
4073 16
4074 16
4075 16
4076 16
4077 16
4078 16
4079 16
4080 16
4081 16
4082 16
4083 16
4084 16
4085 16
4086 16
4087 16
4088 16
4089 16
4090 16
4091 16
4092 16
4093 16
4094 16
4095 16
4096 16
4097 16
4098 16
4099 16
4100 16
4101 16
4102 16
4103 16
4104 16
4105 16
4106 16
4107 16
4108 16
4109 16
4110 16
4111 16
4112 16
4113 16
4114 16
4115 16
4116 16
4117 16
4118 16
4119 16
4120 16
4121 16
4122 16
4123 16
4124 16
4125 16
4126 16
4127 16
4128 16
4129 16
4130 16
4131 16
4132 16
4133 16
4134 16
4135 16
4136 16
4137 16
4138 16
4139 16
4140 16
4141 16
4142 16
4143 16
4144 16
4145 16
4146 16
4147 16
4148 16
4149 16
4150 16
4151 16
4152 16
4153 16
4154 16
4155 16
4156 16
4157 16
4158 16
4159 16
4160 16
4161 16
4162 16
4163 16
4164 16
4165 16
4166 16
4167 16
4168 16
4169 16
4170 16
4171 16
4172 16
4173 16
4174 16
4175 16
4176 16
4177 16
4178 16
4179 16
4180 16
4181 16
4182 16
4183 16
4184 16
4185 16
4186 16
4187 16
4188 16
4189 16
4190 16
4191 16
4192 16
4193 16
4194 16
4195 16
4196 16
4197 16
4198 16
4199 16
4200 16
4201 16
4202 16
4203 16
4204 16
4205 16
4206 16
4207 16
4208 16
4209 16
4210 16
4211 16
4212 16
4213 16
4214 16
4215 16
4216 16
4217 16
4218 16
4219 16
4220 16
4221 16
4222 16
4223 16
4224 16
4225 16
4226 16
4227 16
4228 16
4229 16
4230 16
4231 16
4232 16
4233 16
4234 16
4235 16
4236 16
4237 16
4238 16
4239 16
4240 16
4241 16
4242 16
4243 16
4244 16
4245 16
4246 16
4247 16
4248 16
4249 16
4250 16
4251 16
4252 16
4253 16
4254 16
4255 16
4256 16
4257 16
4258 16
4259 16
4260 16
4261 16
4262 16
4263 16
4264 16
4265 16
4266 16
4267 16
4268 16
4269 16
4270 16
4271 16
4272 16
4273 16
4274 16
4275 16
4276 16
4277 16
4278 16
4279 16
4280 16
4281 16
4282 16
4283 16
4284 16
4285 16
4286 16
4287 16
4288 16
4289 16
4290 16
4291 16
4292 16
4293 16
4294 16
4295 16
4296 16
4297 16
4298 16
4299 16
4300 16
4301 16
4302 16
4303 16
4304 16
4305 16
4306 16
4307 16
4308 16
4309 16
4310 16
4311 16
4312 16
4313 16
4314 16
4315 16
4316 16
4317 16
4318 16
4319 16
4320 16
4321 16
4322 16
4323 16
4324 16
4325 16
4326 16
4327 16
4328 16
4329 16
4330 16
4331 16
4332 16
4333 16
4334 16
4335 16
4336 16
4337 16
4338 16
4339 16
4340 16
4341 16
4342 16
4343 16
4344 16
4345 16
4346 16
4347 16
4348 16
4349 16
4350 16
4351 16
4352 16
4353 16
4354 16
4355 16
4356 16
4357 16
4358 16
4359 16
4360 16
4361 16
4362 16
4363 16
4364 16
4365 16
4366 16
4367 16
4368 16
4369 16
4370 16
4371 16
4372 16
4373 16
4374 16
4375 16
4376 16
4377 16
4378 16
4379 16
4380 16
4381 16
4382 16
4383 16
4384 16
4385 16
4386 16
4387 16
4388 16
4389 16
4390 16
4391 16
4392 16
4393 16
4394 16
4395 16
4396 16
4397 16
4398 16
4399 16
4400 16
4401 16
4402 16
4403 16
4404 16
4405 16
4406 16
4407 16
4408 16
4409 16
4410 16
4411 16
4412 16
4413 16
4414 16
4415 16
4416 17
4417 17
4418 17
4419 17
4420 17
4421 17
4422 17
4423 17
4424 17
4425 17
4426 17
4427 17
4428 17
4429 17
4430 17
4431 17
4432 17
4433 17
4434 17
4435 17
4436 17
4437 17
4438 17
4439 17
4440 17
4441 17
4442 17
4443 17
4444 17
4445 17
4446 17
4447 17
4448 17
4449 17
4450 17
4451 17
4452 17
4453 17
4454 17
4455 17
4456 17
4457 17
4458 17
4459 17
4460 17
4461 17
4462 17
4463 17
4464 17
4465 17
4466 17
4467 17
4468 17
4469 17
4470 17
4471 17
4472 17
4473 17
4474 17
4475 17
4476 17
4477 17
4478 17
4479 17
4480 17
4481 17
4482 17
4483 17
4484 17
4485 17
4486 17
4487 17
4488 17
4489 17
4490 17
4491 17
4492 17
4493 17
4494 17
4495 17
4496 17
4497 17
4498 17
4499 17
4500 17
4501 17
4502 17
4503 17
4504 17
4505 17
4506 17
4507 17
4508 17
4509 17
4510 17
4511 17
4512 17
4513 17
4514 17
4515 17
4516 17
4517 17
4518 17
4519 17
4520 17
4521 17
4522 17
4523 17
4524 17
4525 17
4526 17
4527 17
4528 17
4529 17
4530 17
4531 17
4532 17
4533 17
4534 17
4535 17
4536 17
4537 17
4538 17
4539 17
4540 17
4541 17
4542 17
4543 17
4544 17
4545 17
4546 17
4547 17
4548 17
4549 17
4550 17
4551 17
4552 17
4553 17
4554 17
4555 17
4556 17
4557 17
4558 17
4559 17
4560 17
4561 17
4562 17
4563 17
4564 17
4565 17
4566 17
4567 17
4568 17
4569 17
4570 17
4571 17
4572 17
4573 17
4574 17
4575 17
4576 17
4577 17
4578 17
4579 17
4580 17
4581 17
4582 17
4583 17
4584 17
4585 17
4586 17
4587 17
4588 17
4589 17
4590 17
4591 17
4592 17
4593 17
4594 17
4595 17
4596 17
4597 17
4598 17
4599 17
4600 17
4601 17
4602 17
4603 17
4604 17
4605 17
4606 17
4607 17
4608 17
4609 17
4610 17
4611 17
4612 17
4613 17
4614 17
4615 17
4616 17
4617 17
4618 17
4619 17
4620 17
4621 17
4622 17
4623 17
4624 17
4625 17
4626 17
4627 17
4628 17
4629 17
4630 17
4631 17
4632 17
4633 17
4634 17
4635 17
4636 17
4637 17
4638 17
4639 17
4640 17
4641 17
4642 17
4643 17
4644 17
4645 17
4646 17
4647 17
4648 17
4649 17
4650 17
4651 17
4652 17
4653 17
4654 17
4655 17
4656 17
4657 17
4658 17
4659 17
4660 17
4661 17
4662 17
4663 17
4664 17
4665 17
4666 17
4667 17
4668 17
4669 17
4670 17
4671 17
4672 17
4673 17
4674 17
4675 17
4676 17
4677 17
4678 17
4679 17
4680 17
4681 17
4682 17
4683 17
4684 17
4685 17
4686 17
4687 17
4688 17
4689 17
4690 17
4691 17
4692 17
4693 17
4694 17
4695 17
4696 17
4697 17
4698 17
4699 17
4700 17
4701 17
4702 17
4703 17
4704 17
4705 17
4706 17
4707 17
4708 17
4709 17
4710 17
4711 17
4712 17
4713 17
4714 17
4715 17
4716 17
4717 17
4718 17
4719 17
4720 17
4721 17
4722 17
4723 17
4724 17
4725 17
4726 17
4727 17
4728 17
4729 17
4730 17
4731 17
4732 17
4733 17
4734 17
4735 17
4736 17
4737 17
4738 17
4739 17
4740 17
4741 17
4742 17
4743 17
4744 17
4745 17
4746 17
4747 17
4748 17
4749 17
4750 17
4751 17
4752 17
4753 17
4754 17
4755 17
4756 17
4757 17
4758 17
4759 17
4760 17
4761 17
4762 17
4763 17
4764 17
4765 17
4766 17
4767 17
4768 17
4769 17
4770 17
4771 17
4772 17
4773 17
4774 17
4775 17
4776 17
4777 17
4778 17
4779 17
4780 17
4781 17
4782 17
4783 17
4784 17
4785 17
4786 17
4787 17
4788 17
4789 17
4790 17
4791 17
4792 17
4793 17
4794 17
4795 17
4796 17
4797 17
4798 17
4799 17
4800 17
4801 17
4802 17
4803 17
4804 17
4805 17
4806 17
4807 17
4808 17
4809 17
4810 17
4811 17
4812 17
4813 17
4814 17
4815 17
4816 17
4817 17
4818 17
4819 17
4820 17
4821 17
4822 17
4823 17
4824 17
4825 17
4826 18
4827 18
4828 18
4829 18
4830 18
4831 18
4832 18
4833 18
4834 18
4835 18
4836 18
4837 18
4838 18
4839 18
4840 18
4841 18
4842 18
4843 18
4844 18
4845 18
4846 18
4847 18
4848 18
4849 18
4850 18
4851 18
4852 18
4853 18
4854 18
4855 18
4856 18
4857 18
4858 18
4859 18
4860 18
4861 18
4862 18
4863 18
4864 18
4865 18
4866 18
4867 18
4868 18
4869 18
4870 18
4871 18
4872 18
4873 18
4874 18
4875 18
4876 18
4877 18
4878 18
4879 18
4880 18
4881 18
4882 18
4883 18
4884 18
4885 18
4886 18
4887 18
4888 18
4889 18
4890 18
4891 18
4892 18
4893 18
4894 18
4895 18
4896 18
4897 18
4898 18
4899 18
4900 18
4901 18
4902 18
4903 18
4904 18
4905 18
4906 18
4907 18
4908 18
4909 18
4910 18
4911 18
4912 18
4913 18
4914 18
4915 18
4916 18
4917 18
4918 18
4919 18
4920 18
4921 18
4922 18
4923 18
4924 18
4925 18
4926 18
4927 18
4928 18
4929 18
4930 18
4931 18
4932 18
4933 18
4934 18
4935 18
4936 18
4937 18
4938 18
4939 18
4940 18
4941 18
4942 18
4943 18
4944 18
4945 18
4946 18
4947 18
4948 18
4949 18
4950 18
4951 18
4952 18
4953 18
4954 18
4955 18
4956 18
4957 18
4958 18
4959 18
4960 18
4961 18
4962 18
4963 18
4964 18
4965 18
4966 18
4967 18
4968 18
4969 18
4970 18
4971 18
4972 18
4973 18
4974 18
4975 19
4976 19
4977 19
4978 19
4979 19
4980 19
4981 19
4982 19
4983 19
4984 19
4985 19
4986 19
4987 19
4988 19
4989 19
4990 19
4991 19
4992 19
4993 19
4994 19
4995 19
4996 19
4997 19
4998 19
4999 19
5000 19
5001 19
5002 19
5003 19
5004 19
5005 19
5006 19
5007 19
5008 19
5009 19
5010 19
5011 19
5012 19
5013 19
5014 19
5015 19
5016 19
5017 19
5018 19
5019 19
5020 19
5021 19
5022 19
5023 19
5024 19
5025 19
5026 19
5027 19
5028 19
5029 19
5030 19
5031 19
5032 19
5033 19
5034 19
5035 19
5036 19
5037 19
5038 19
5039 19
5040 19
5041 19
5042 19
5043 19
5044 19
5045 19
5046 19
5047 19
5048 19
5049 19
5050 19
5051 19
5052 19
5053 19
5054 19
5055 19
5056 19
5057 19
5058 19
5059 19
5060 19
5061 19
5062 19
5063 19
5064 19
5065 19
5066 19
5067 19
5068 19
5069 19
5070 19
5071 19
5072 19
5073 19
5074 19
5075 19
5076 19
5077 19
5078 19
5079 19
5080 19
5081 19
5082 19
5083 19
5084 19
5085 19
5086 19
5087 19
5088 19
5089 19
5090 19
5091 19
5092 19
5093 19
5094 19
5095 19
5096 19
5097 19
5098 19
5099 19
5100 19
5101 20
5102 20
5103 20
5104 20
5105 20
5106 20
5107 20
5108 20
5109 20
5110 20
5111 20
5112 20
5113 20
5114 20
5115 20
5116 20
5117 20
5118 20
5119 20
5120 20
5121 20
5122 20
5123 20
5124 20
5125 20
5126 20
5127 20
5128 20
5129 20
5130 20
5131 20
5132 20
5133 20
5134 20
5135 20
5136 20
5137 20
5138 20
5139 20
5140 20
5141 20
5142 20
5143 20
5144 20
5145 20
5146 20
5147 20
5148 20
5149 20
5150 20
5151 20
5152 20
5153 20
5154 20
5155 20
5156 20
5157 20
5158 20
5159 20
5160 20
5161 20
5162 20
5163 20
5164 20
5165 20
5166 20
5167 20
5168 20
5169 20
5170 20
5171 20
5172 20
5173 20
5174 20
5175 20
5176 20
5177 20
5178 20
5179 20
5180 20
5181 20
5182 20
5183 20
5184 20
5185 20
5186 20
5187 20
5188 20
5189 20
5190 20
5191 20
5192 20
5193 20
5194 20
5195 20
5196 20
5197 20
5198 20
5199 20
5200 20
5201 20
5202 20
5203 20
5204 20
5205 20
5206 20
5207 20
5208 20
5209 20
5210 20
5211 20
5212 20
5213 20
5214 20
5215 20
5216 20
5217 20
5218 20
5219 20
5220 20
5221 20
5222 20
5223 20
5224 20
5225 20
5226 20
5227 20
5228 20
5229 20
5230 20
5231 20
5232 20
5233 20
5234 20
5235 20
5236 20
5237 20
5238 20
5239 20
5240 20
5241 20
5242 20
5243 20
5244 20
5245 20
5246 20
5247 20
5248 20
5249 20
5250 20
5251 20
5252 20
5253 20
5254 20
5255 20
5256 20
5257 20
5258 20
5259 20
5260 20
5261 20
5262 20
5263 20
5264 20
5265 20
5266 20
5267 20
5268 20
5269 20
5270 20
5271 20
5272 20
5273 20
5274 20
5275 20
5276 20
5277 20
5278 20
5279 20
5280 20
5281 20
5282 20
5283 20
5284 20
5285 20
5286 20
5287 20
5288 20
5289 20
5290 20
5291 20
5292 20
5293 20
5294 20
5295 20
5296 20
5297 20
5298 20
5299 20
5300 20
5301 20
5302 20
5303 21
5304 21
5305 21
5306 21
5307 21
5308 21
5309 21
5310 21
5311 21
5312 21
5313 21
5314 21
5315 21
5316 21
5317 21
5318 21
5319 21
5320 21
5321 21
5322 21
5323 21
5324 21
5325 21
5326 21
5327 21
5328 21
5329 21
5330 21
5331 21
5332 21
5333 21
5334 21
5335 21
5336 21
5337 21
5338 21
5339 21
5340 21
5341 21
5342 21
5343 21
5344 21
5345 21
5346 21
5347 21
5348 21
5349 21
5350 21
5351 21
5352 21
5353 21
5354 21
5355 21
5356 21
5357 21
5358 21
5359 21
5360 21
5361 21
5362 21
5363 21
5364 21
5365 21
5366 21
5367 21
5368 21
5369 21
5370 21
5371 21
5372 21
5373 21
5374 21
5375 21
5376 21
5377 21
5378 21
5379 21
5380 21
5381 21
5382 21
5383 21
5384 21
5385 21
5386 21
5387 21
5388 21
5389 21
5390 21
5391 21
5392 21
5393 21
5394 21
5395 21
5396 21
5397 21
5398 21
5399 21
5400 21
5401 21
5402 21
5403 21
5404 21
5405 21
5406 21
5407 21
5408 21
5409 21
5410 21
5411 21
5412 21
5413 21
5414 21
5415 21
5416 21
5417 21
5418 21
5419 21
5420 21
5421 21
5422 21
5423 21
5424 21
5425 21
5426 21
5427 21
5428 21
5429 21
5430 21
5431 21
5432 21
5433 21
5434 21
5435 21
5436 21
5437 21
5438 21
5439 21
5440 21
5441 21
5442 21
5443 21
5444 21
5445 21
5446 21
5447 21
5448 21
5449 21
5450 21
5451 21
5452 21
5453 21
5454 21
5455 21
5456 21
5457 21
5458 21
5459 21
5460 21
5461 21
5462 21
5463 21
5464 21
5465 21
5466 21
5467 21
5468 21
5469 21
5470 21
5471 21
5472 21
5473 21
5474 21
5475 21
5476 21
5477 21
5478 21
5479 21
5480 21
5481 21
5482 21
5483 21
5484 21
5485 21
5486 21
5487 21
5488 21
5489 21
5490 21
5491 21
5492 21
5493 21
5494 21
5495 21
5496 21
5497 21
5498 21
5499 21
5500 21
5501 21
5502 21
5503 21
5504 21
5505 21
5506 21
5507 21
5508 21
5509 21
5510 21
5511 21
5512 21
5513 21
5514 21
5515 21
5516 21
5517 21
5518 21
5519 21
5520 21
5521 21
5522 21
5523 21
5524 21
5525 21
5526 21
5527 21
5528 21
5529 21
5530 21
5531 21
5532 21
5533 21
5534 21
5535 21
5536 21
5537 21
5538 21
5539 21
5540 21
5541 21
5542 21
5543 21
5544 21
5545 21
5546 21
5547 21
5548 21
5549 21
5550 21
5551 21
5552 21
5553 21
5554 21
5555 21
5556 21
5557 21
5558 21
5559 21
5560 21
5561 21
5562 21
5563 21
5564 21
5565 21
5566 21
5567 21
5568 21
5569 21
5570 21
5571 21
5572 21
5573 21
5574 21
5575 21
5576 21
5577 21
5578 21
5579 21
5580 21
5581 21
5582 21
5583 21
5584 21
5585 21
5586 21
5587 21
5588 21
5589 21
5590 21
5591 21
5592 21
5593 21
5594 21
5595 21
5596 21
5597 21
5598 21
5599 21
5600 21
5601 21
5602 21
5603 21
5604 21
5605 21
5606 21
5607 21
5608 21
5609 21
5610 21
5611 21
5612 21
5613 21
5614 21
5615 21
5616 21
5617 21
5618 21
5619 21
5620 21
5621 21
5622 21
5623 21
5624 21
5625 21
5626 21
5627 21
5628 21
5629 21
5630 21
5631 21
5632 21
5633 21
5634 21
5635 21
5636 21
5637 21
5638 21
5639 21
5640 21
5641 21
5642 21
5643 21
5644 21
5645 21
5646 21
5647 21
5648 21
5649 21
5650 21
5651 21
5652 21
5653 21
5654 21
5655 21
5656 21
5657 21
5658 21
5659 21
5660 21
5661 21
5662 21
5663 21
5664 21
5665 21
5666 21
5667 21
5668 21
5669 21
5670 21
5671 21
5672 21
5673 21
5674 21
5675 21
5676 21
5677 21
5678 21
5679 21
5680 21
5681 21
5682 21
5683 21
5684 21
5685 21
5686 21
5687 21
5688 21
5689 21
5690 21
5691 21
5692 21
5693 21
5694 21
5695 21
5696 21
5697 21
5698 21
5699 21
5700 21
5701 21
5702 21
5703 21
5704 21
5705 21
5706 21
5707 21
5708 21
5709 21
5710 21
5711 21
5712 21
5713 21
5714 21
5715 21
5716 21
5717 21
5718 21
5719 21
5720 21
5721 21
5722 21
5723 21
5724 21
5725 21
5726 21
5727 21
5728 21
5729 21
5730 21
5731 21
5732 21
5733 21
5734 21
5735 21
5736 21
5737 21
5738 21
5739 21
5740 21
5741 21
5742 21
5743 21
5744 21
5745 21
5746 21
5747 21
5748 21
5749 21
5750 21
5751 21
5752 21
5753 21
5754 21
5755 21
5756 21
5757 21
5758 21
5759 21
5760 21
5761 21
5762 21
5763 21
5764 21
5765 21
5766 21
5767 21
5768 21
5769 21
5770 21
5771 21
5772 21
5773 21
5774 21
5775 21
5776 21
5777 21
5778 21
5779 21
5780 21
5781 21
5782 21
5783 21
5784 21
5785 21
5786 21
5787 21
5788 21
5789 21
5790 21
5791 21
5792 21
5793 21
5794 21
5795 21
5796 21
5797 21
5798 22
5799 22
5800 22
5801 22
5802 22
5803 22
5804 22
5805 22
5806 22
5807 22
5808 22
5809 22
5810 22
5811 22
5812 22
5813 22
5814 22
5815 22
5816 22
5817 22
5818 22
5819 22
5820 22
5821 22
5822 22
5823 22
5824 22
5825 22
5826 22
5827 22
5828 22
5829 22
5830 22
5831 22
5832 22
5833 22
5834 22
5835 22
5836 22
5837 22
5838 22
5839 22
5840 22
5841 22
5842 22
5843 22
5844 22
5845 22
5846 22
5847 22
5848 22
5849 22
5850 22
5851 22
5852 22
5853 22
5854 22
5855 22
5856 22
5857 22
5858 22
5859 22
5860 22
5861 22
5862 22
5863 22
5864 22
5865 22
5866 22
5867 22
5868 22
5869 22
5870 22
5871 22
5872 22
5873 22
5874 22
5875 22
5876 22
5877 22
5878 22
5879 22
5880 22
5881 22
5882 22
5883 22
5884 22
5885 22
5886 22
5887 22
5888 22
5889 22
5890 22
5891 22
5892 22
5893 22
5894 22
5895 22
5896 22
5897 22
5898 22
5899 22
5900 22
5901 22
5902 22
5903 22
5904 22
5905 22
5906 22
5907 22
5908 22
5909 22
5910 22
5911 22
5912 22
5913 22
5914 22
5915 22
5916 22
5917 22
5918 22
5919 22
5920 22
5921 22
5922 22
5923 22
5924 22
5925 22
5926 22
5927 22
5928 22
5929 22
5930 22
5931 22
5932 22
5933 22
5934 22
5935 22
5936 22
5937 22
5938 22
5939 22
5940 22
5941 22
5942 22
5943 22
5944 22
5945 22
5946 22
5947 22
5948 22
5949 22
5950 22
5951 22
5952 22
5953 22
5954 22
5955 22
5956 22
5957 22
5958 22
5959 22
5960 22
5961 22
5962 22
5963 22
5964 22
5965 22
5966 22
5967 22
5968 22
5969 22
5970 22
5971 22
5972 22
5973 22
5974 22
5975 22
5976 22
5977 22
5978 22
5979 22
5980 22
5981 22
5982 22
5983 22
5984 22
5985 22
5986 22
5987 22
5988 22
5989 22
5990 22
5991 22
5992 22
5993 22
5994 22
5995 22
5996 22
5997 22
5998 22
5999 22
6000 22
6001 22
6002 22
6003 22
6004 22
6005 22
6006 22
6007 22
6008 22
6009 22
6010 22
6011 22
6012 22
6013 22
6014 22
6015 22
6016 22
6017 22
6018 22
6019 22
6020 22
6021 22
6022 22
6023 22
6024 22
6025 22
6026 22
6027 22
6028 22
6029 22
6030 22
6031 22
6032 22
6033 22
6034 22
6035 22
6036 22
6037 22
6038 22
6039 22
6040 22
6041 22
6042 22
6043 22
6044 22
6045 22
6046 22
6047 22
6048 22
6049 22
6050 22
6051 22
6052 22
6053 22
6054 22
6055 22
6056 22
6057 22
6058 22
6059 22
6060 22
6061 22
6062 22
6063 22
6064 22
6065 22
6066 22
6067 22
6068 22
6069 22
6070 22
6071 22
6072 22
6073 22
6074 22
6075 22
6076 22
6077 22
6078 22
6079 22
6080 22
6081 22
6082 22
6083 22
6084 22
6085 22
6086 22
6087 22
6088 22
6089 22
6090 22
6091 22
6092 22
6093 22
6094 22
6095 22
6096 22
6097 22
6098 22
6099 22
6100 22
6101 22
6102 22
6103 22
6104 22
6105 22
6106 22
6107 22
6108 22
6109 22
6110 22
6111 22
6112 22
6113 22
6114 22
6115 22
6116 22
6117 22
6118 22
6119 22
6120 22
6121 22
6122 22
6123 22
6124 22
6125 22
6126 22
6127 22
6128 22
6129 22
6130 22
6131 22
6132 22
6133 22
6134 22
6135 22
6136 22
6137 22
6138 22
6139 22
6140 22
6141 23
6142 23
6143 23
6144 23
6145 23
6146 23
6147 23
6148 23
6149 23
6150 23
6151 23
6152 23
6153 23
6154 23
6155 23
6156 23
6157 23
6158 23
6159 23
6160 23
6161 23
6162 23
6163 23
6164 23
6165 23
6166 23
6167 23
6168 23
6169 23
6170 23
6171 23
6172 23
6173 23
6174 23
6175 23
6176 23
6177 23
6178 23
6179 23
6180 23
6181 23
6182 23
6183 23
6184 23
6185 23
6186 23
6187 23
6188 23
6189 23
6190 23
6191 23
6192 23
6193 23
6194 23
6195 23
6196 23
6197 23
6198 23
6199 23
6200 23
6201 23
6202 23
6203 23
6204 23
6205 23
6206 23
6207 23
6208 23
6209 23
6210 23
6211 23
6212 23
6213 23
6214 23
6215 23
6216 23
6217 23
6218 23
6219 23
6220 23
6221 23
6222 23
6223 23
6224 23
6225 23
6226 23
6227 23
6228 23
6229 23
6230 23
6231 23
6232 23
6233 23
6234 23
6235 23
6236 23
6237 23
6238 23
6239 23
6240 23
6241 23
6242 23
6243 23
6244 23
6245 23
6246 23
6247 23
6248 23
6249 23
6250 23
6251 23
6252 23
6253 23
6254 23
6255 23
6256 23
6257 23
6258 23
6259 23
6260 23
6261 23
6262 23
6263 23
6264 23
6265 23
6266 23
6267 23
6268 23
6269 23
6270 23
6271 23
6272 23
6273 23
6274 23
6275 23
6276 23
6277 23
6278 23
6279 23
6280 23
6281 23
6282 23
6283 23
6284 23
6285 23
6286 23
6287 23
6288 23
6289 23
6290 23
6291 23
6292 23
6293 23
6294 23
6295 23
6296 23
6297 23
6298 23
6299 23
6300 23
6301 23
6302 23
6303 23
6304 23
6305 23
6306 23
6307 23
6308 23
6309 23
6310 23
6311 23
6312 23
6313 23
6314 23
6315 23
6316 23
6317 23
6318 23
6319 23
6320 23
6321 23
6322 23
6323 23
6324 23
6325 23
6326 23
6327 23
6328 23
6329 23
6330 23
6331 23
6332 23
6333 23
6334 23
6335 23
6336 23
6337 23
6338 23
6339 23
6340 23
6341 23
6342 23
6343 23
6344 23
6345 23
6346 23
6347 23
6348 23
6349 23
6350 23
6351 23
6352 23
6353 23
6354 23
6355 23
6356 23
6357 23
6358 23
6359 23
6360 23
6361 23
6362 23
6363 23
6364 23
6365 23
6366 23
6367 23
6368 23
6369 23
6370 23
6371 23
6372 23
6373 23
6374 23
6375 23
6376 23
6377 23
6378 23
6379 23
6380 23
6381 23
6382 23
6383 23
6384 23
6385 23
6386 23
6387 23
6388 23
6389 23
6390 23
6391 23
6392 23
6393 23
6394 23
6395 23
6396 23
6397 23
6398 23
6399 23
6400 23
6401 23
6402 23
6403 23
6404 23
6405 23
6406 23
6407 23
6408 23
6409 23
6410 23
6411 23
6412 23
6413 23
6414 23
6415 23
6416 23
6417 23
6418 23
6419 23
6420 23
6421 23
6422 23
6423 23
6424 23
6425 23
6426 23
6427 23
6428 23
6429 23
6430 23
6431 23
6432 23
6433 23
6434 23
6435 23
6436 23
6437 23
6438 23
6439 23
6440 23
6441 23
6442 23
6443 23
6444 23
6445 23
6446 23
6447 23
6448 23
6449 23
6450 23
6451 23
6452 23
6453 23
6454 23
6455 23
6456 23
6457 23
6458 23
6459 23
6460 23
6461 23
6462 23
6463 23
6464 23
6465 23
6466 23
6467 23
6468 23
6469 23
6470 23
6471 23
6472 23
6473 23
6474 23
6475 23
6476 23
6477 23
6478 23
6479 23
6480 23
6481 23
6482 23
6483 23
6484 23
6485 23
6486 23
6487 23
6488 23
6489 23
6490 23
6491 23
6492 23
6493 23
6494 23
6495 23
6496 23
6497 23
6498 23
6499 23
6500 23
6501 23
6502 23
6503 23
6504 23
6505 23
6506 23
6507 23
6508 23
6509 23
6510 23
6511 23
6512 23
6513 23
6514 23
6515 23
6516 23
6517 23
6518 23
6519 23
6520 23
6521 23
6522 23
6523 23
6524 23
6525 23
6526 23
6527 23
6528 23
6529 23
6530 23
6531 23
6532 23
6533 23
6534 23
6535 23
6536 23
6537 23
6538 23
6539 23
6540 23
6541 23
6542 23
6543 23
6544 23
6545 23
6546 23
6547 23
6548 23
6549 23
6550 23
6551 23
6552 23
6553 23
6554 23
6555 23
6556 23
6557 23
6558 23
6559 23
6560 23
6561 23
6562 23
6563 23
6564 23
6565 23
6566 23
6567 23
6568 23
6569 23
6570 23
6571 23
6572 23
6573 23
6574 23
6575 23
6576 23
6577 23
6578 23
6579 23
6580 23
6581 23
6582 23
6583 23
6584 23
6585 23
6586 23
6587 23
6588 23
6589 23
6590 23
6591 23
6592 23
6593 23
6594 23
6595 23
6596 23
6597 23
6598 23
6599 23
6600 23
6601 23
6602 23
6603 23
6604 23
6605 23
6606 23
6607 23
6608 23
6609 23
6610 23
6611 23
6612 23
6613 23
6614 23
6615 23
6616 23
6617 23
6618 23
6619 23
6620 23
6621 23
6622 23
6623 23
6624 23
6625 23
6626 23
6627 23
6628 23
6629 23
6630 23
6631 23
6632 23
6633 23
6634 23
6635 23
6636 23
6637 23
6638 23
6639 23
6640 23
6641 23
6642 23
6643 23
6644 23
6645 23
6646 23
6647 23
6648 23
6649 23
6650 23
6651 23
6652 23
6653 23
6654 23
6655 23
6656 23
6657 23
6658 23
6659 23
6660 23
6661 23
6662 23
6663 23
6664 23
6665 23
6666 23
6667 23
6668 23
6669 23
6670 23
6671 23
6672 23
6673 23
6674 23
6675 23
6676 23
6677 23
6678 23
6679 23
6680 23
6681 23
6682 23
6683 23
6684 23
6685 23
6686 23
6687 23
6688 23
6689 23
6690 23
6691 23
6692 24
6693 24
6694 24
6695 24
6696 24
6697 24
6698 24
6699 24
6700 24
6701 24
6702 24
6703 24
6704 24
6705 24
6706 24
6707 24
6708 24
6709 24
6710 24
6711 24
6712 24
6713 24
6714 24
6715 24
6716 24
6717 24
6718 24
6719 24
6720 24
6721 24
6722 24
6723 24
6724 24
6725 24
6726 24
6727 24
6728 24
6729 24
6730 24
6731 24
6732 24
6733 24
6734 24
6735 24
6736 24
6737 24
6738 24
6739 24
6740 24
6741 24
6742 24
6743 24
6744 24
6745 24
6746 24
6747 24
6748 24
6749 24
6750 24
6751 24
6752 24
6753 24
6754 24
6755 24
6756 24
6757 24
6758 24
6759 24
6760 24
6761 24
6762 24
6763 24
6764 24
6765 24
6766 24
6767 24
6768 24
6769 24
6770 24
6771 24
6772 24
6773 24
6774 24
6775 24
6776 24
6777 24
6778 24
6779 24
6780 24
6781 24
6782 24
6783 24
6784 24
6785 24
6786 24
6787 24
6788 24
6789 24
6790 24
6791 24
6792 24
6793 24
6794 24
6795 24
6796 24
6797 24
6798 24
6799 24
6800 24
6801 24
6802 24
6803 24
6804 24
6805 24
6806 24
6807 24
6808 24
6809 24
6810 24
6811 24
6812 24
6813 24
6814 24
6815 24
6816 24
6817 24
6818 24
6819 24
6820 24
6821 24
6822 24
6823 24
6824 24
6825 24
6826 24
6827 24
6828 24
6829 24
6830 24
6831 24
6832 24
6833 24
6834 24
6835 24
6836 24
6837 24
6838 24
6839 24
6840 24
6841 24
6842 24
6843 24
6844 24
6845 24
6846 24
6847 24
6848 24
6849 24
6850 24
6851 24
6852 24
6853 24
6854 24
6855 24
6856 24
6857 24
6858 24
6859 24
6860 24
6861 24
6862 24
6863 24
6864 24
6865 24
6866 24
6867 24
6868 24
6869 24
6870 24
6871 24
6872 24
6873 24
6874 24
6875 24
6876 24
6877 24
6878 24
6879 24
6880 24
6881 24
6882 24
6883 24
6884 24
6885 24
6886 24
6887 24
6888 24
6889 24
6890 24
6891 24
6892 24
6893 24
6894 24
6895 24
6896 24
6897 24
6898 24
6899 24
6900 24
6901 24
6902 24
6903 24
6904 24
6905 24
6906 24
6907 24
6908 24
6909 24
6910 24
6911 24
6912 24
6913 24
6914 24
6915 24
6916 24
6917 24
6918 24
6919 24
6920 24
6921 24
6922 24
6923 25
6924 25
6925 25
6926 25
6927 25
6928 25
6929 25
6930 25
6931 25
6932 25
6933 25
6934 25
6935 25
6936 25
6937 25
6938 25
6939 25
6940 25
6941 25
6942 25
6943 25
6944 25
6945 25
6946 25
6947 25
6948 25
6949 25
6950 25
6951 25
6952 25
6953 25
6954 25
6955 25
6956 25
6957 25
6958 25
6959 25
6960 25
6961 25
6962 25
6963 25
6964 25
6965 25
6966 25
6967 25
6968 25
6969 25
6970 25
6971 25
6972 25
6973 25
6974 25
6975 25
6976 25
6977 25
6978 25
6979 25
6980 25
6981 25
6982 25
6983 25
6984 25
6985 25
6986 25
6987 25
6988 25
6989 25
6990 25
6991 25
6992 25
6993 25
6994 25
6995 25
6996 25
6997 25
6998 25
6999 25
7000 25
7001 25
7002 25
7003 26
7004 26
7005 26
7006 26
7007 26
7008 26
7009 26
7010 26
7011 26
7012 26
7013 26
7014 26
7015 26
7016 26
7017 26
7018 26
7019 26
7020 26
7021 26
7022 26
7023 26
7024 26
7025 26
7026 26
7027 26
7028 26
7029 26
7030 26
7031 26
7032 26
7033 26
7034 26
7035 26
7036 26
7037 26
7038 26
7039 26
7040 26
7041 26
7042 26
7043 26
7044 26
7045 26
7046 26
7047 26
7048 26
7049 26
7050 26
7051 26
7052 26
7053 26
7054 26
7055 26
7056 26
7057 26
7058 26
7059 26
7060 26
7061 26
7062 26
7063 26
7064 26
7065 26
7066 26
7067 26
7068 26
7069 26
7070 26
7071 26
7072 26
7073 26
7074 26
7075 26
7076 26
7077 26
7078 26
7079 26
7080 26
7081 26
7082 26
7083 26
7084 26
7085 26
7086 26
7087 26
7088 26
7089 26
7090 26
7091 26
7092 26
7093 26
7094 26
7095 26
7096 26
7097 26
7098 26
7099 26
7100 26
7101 26
7102 26
7103 26
7104 26
7105 26
7106 26
7107 26
7108 26
7109 26
7110 26
7111 26
7112 26
7113 26
7114 26
7115 26
7116 26
7117 26
7118 26
7119 26
7120 26
7121 26
7122 26
7123 26
7124 26
7125 26
7126 26
7127 26
7128 26
7129 26
7130 26
7131 26
7132 26
7133 26
7134 26
7135 26
7136 26
7137 26
7138 27
7139 27
7140 27
7141 27
7142 27
7143 27
7144 27
7145 27
7146 27
7147 27
7148 27
7149 27
7150 27
7151 27
7152 27
7153 27
7154 27
7155 27
7156 27
7157 27
7158 27
7159 27
7160 27
7161 27
7162 27
7163 27
7164 27
7165 27
7166 27
7167 27
7168 27
7169 27
7170 27
7171 27
7172 27
7173 27
7174 27
7175 27
7176 27
7177 27
7178 27
7179 27
7180 27
7181 27
7182 27
7183 27
7184 27
7185 27
7186 27
7187 27
7188 27
7189 27
7190 27
7191 27
7192 27
7193 27
7194 27
7195 27
7196 27
7197 27
7198 27
7199 27
7200 27
7201 27
7202 27
7203 27
7204 27
7205 27
7206 27
7207 27
7208 27
7209 27
7210 27
7211 27
7212 27
7213 27
7214 27
7215 27
7216 27
7217 27
7218 27
7219 27
7220 27
7221 27
7222 27
7223 27
7224 27
7225 27
7226 27
7227 27
7228 27
7229 27
7230 27
7231 27
7232 27
7233 27
7234 27
7235 27
7236 27
7237 27
7238 27
7239 27
7240 27
7241 27
7242 27
7243 27
7244 27
7245 27
7246 27
7247 27
7248 27
7249 27
7250 27
7251 27
7252 27
7253 27
7254 27
7255 27
7256 27
7257 27
7258 27
7259 27
7260 27
7261 27
7262 27
7263 27
7264 27
7265 27
7266 27
7267 27
7268 27
7269 27
7270 27
7271 27
7272 27
7273 27
7274 27
7275 27
7276 27
7277 27
7278 27
7279 27
7280 27
7281 27
7282 27
7283 27
7284 27
7285 27
7286 27
7287 27
7288 27
7289 27
7290 27
7291 27
7292 27
7293 27
7294 27
7295 27
7296 27
7297 27
7298 27
7299 27
7300 27
7301 27
7302 27
7303 27
7304 27
7305 27
7306 27
7307 27
7308 27
7309 27
7310 27
7311 27
7312 27
7313 27
7314 27
7315 27
7316 27
7317 27
7318 27
7319 27
7320 27
7321 27
7322 27
7323 27
7324 27
7325 27
7326 27
7327 27
7328 27
7329 27
7330 27
7331 27
7332 27
7333 27
7334 27
7335 27
7336 27
7337 27
7338 27
7339 27
7340 27
7341 27
7342 27
7343 27
7344 27
7345 27
7346 27
7347 27
7348 27
7349 27
7350 27
7351 27
7352 27
7353 27
7354 27
7355 27
7356 27
7357 27
7358 27
7359 27
7360 27
7361 27
7362 27
7363 27
7364 27
7365 27
7366 27
7367 27
7368 27
7369 27
7370 27
7371 27
7372 27
7373 27
7374 27
7375 27
7376 27
7377 27
7378 27
7379 27
7380 27
7381 27
7382 27
7383 27
7384 27
7385 27
7386 27
7387 27
7388 27
7389 27
7390 27
7391 27
7392 27
7393 27
7394 27
7395 27
7396 27
7397 27
7398 27
7399 27
7400 27
7401 27
7402 27
7403 27
7404 27
7405 27
7406 27
7407 27
7408 27
7409 27
7410 27
7411 27
7412 27
7413 27
7414 27
7415 27
7416 27
7417 27
7418 27
7419 27
7420 27
7421 27
7422 27
7423 27
7424 27
7425 27
7426 27
7427 27
7428 27
7429 27
7430 27
7431 27
7432 27
7433 27
7434 27
7435 27
7436 27
7437 27
7438 27
7439 27
7440 27
7441 27
7442 27
7443 27
7444 27
7445 27
7446 27
7447 27
7448 27
7449 27
7450 27
7451 27
7452 27
7453 27
7454 27
7455 27
7456 27
7457 27
7458 27
7459 27
7460 27
7461 27
7462 27
7463 27
7464 28
7465 28
7466 28
7467 28
7468 28
7469 28
7470 28
7471 28
7472 28
7473 28
7474 28
7475 28
7476 28
7477 28
7478 28
7479 28
7480 28
7481 28
7482 28
7483 28
7484 28
7485 28
7486 28
7487 28
7488 28
7489 28
7490 28
7491 28
7492 28
7493 28
7494 28
7495 28
7496 28
7497 28
7498 28
7499 28
7500 28
7501 28
7502 28
7503 28
7504 28
7505 28
7506 28
7507 28
7508 28
7509 28
7510 28
7511 28
7512 28
7513 28
7514 28
7515 28
7516 28
7517 28
7518 28
7519 28
7520 28
7521 28
7522 28
7523 28
7524 28
7525 28
7526 28
7527 28
7528 28
7529 28
7530 28
7531 28
7532 28
7533 28
7534 28
7535 28
7536 28
7537 28
7538 28
7539 28
7540 28
7541 28
7542 28
7543 28
7544 28
7545 28
7546 28
7547 28
7548 28
7549 28
7550 28
7551 28
7552 28
7553 28
7554 28
7555 28
7556 28
7557 28
7558 28
7559 28
7560 28
7561 28
7562 28
7563 28
7564 28
7565 28
7566 28
7567 28
7568 28
7569 28
7570 28
7571 28
7572 28
7573 28
7574 28
7575 28
7576 28
7577 28
7578 28
7579 28
7580 28
7581 28
7582 28
7583 28
7584 28
7585 28
7586 28
7587 28
7588 28
7589 28
7590 28
7591 28
7592 28
7593 28
7594 28
7595 28
7596 28
7597 28
7598 28
7599 28
7600 28
7601 28
7602 28
7603 28
7604 28
7605 28
7606 28
7607 28
7608 28
7609 28
7610 28
7611 28
7612 28
7613 28
7614 28
7615 28
7616 28
7617 28
7618 28
7619 28
7620 28
7621 28
7622 28
7623 28
7624 28
7625 28
7626 28
7627 28
7628 28
7629 28
7630 28
7631 28
7632 28
7633 28
7634 28
7635 28
7636 28
7637 28
7638 28
7639 28
7640 28
7641 28
7642 28
7643 28
7644 28
7645 28
7646 28
7647 28
7648 28
7649 28
7650 28
7651 28
7652 28
7653 28
7654 28
7655 28
7656 28
7657 28
7658 28
7659 28
7660 28
7661 28
7662 28
7663 28
7664 28
7665 28
7666 28
7667 28
7668 28
7669 28
7670 28
7671 28
7672 28
7673 28
7674 28
7675 28
7676 28
7677 28
7678 28
7679 28
7680 28
7681 28
7682 28
7683 28
7684 28
7685 28
7686 28
7687 28
7688 29
7689 29
7690 29
7691 29
7692 29
7693 29
7694 29
7695 29
7696 29
7697 29
7698 29
7699 29
7700 29
7701 29
7702 29
7703 29
7704 29
7705 29
7706 29
7707 29
7708 29
7709 29
7710 29
7711 29
7712 29
7713 29
7714 29
7715 29
7716 29
7717 29
7718 29
7719 29
7720 29
7721 29
7722 29
7723 29
7724 29
7725 29
7726 29
7727 29
7728 29
7729 29
7730 29
7731 29
7732 29
7733 29
7734 29
7735 29
7736 29
7737 29
7738 29
7739 29
7740 29
7741 29
7742 29
7743 29
7744 29
7745 29
7746 29
7747 29
7748 29
7749 29
7750 29
7751 29
7752 29
7753 29
7754 29
7755 29
7756 29
7757 29
7758 29
7759 29
7760 29
7761 29
7762 29
7763 29
7764 29
7765 29
7766 29
7767 29
7768 29
7769 29
7770 29
7771 29
7772 29
7773 29
7774 29
7775 29
7776 29
7777 29
7778 29
7779 29
7780 29
7781 29
7782 29
7783 29
7784 29
7785 29
7786 29
7787 29
7788 29
7789 29
7790 29
7791 29
7792 29
7793 29
7794 29
7795 29
7796 29
7797 29
7798 29
7799 29
7800 29
7801 29
7802 29
7803 29
7804 29
7805 29
7806 29
7807 29
7808 29
7809 29
7810 29
7811 29
7812 29
7813 29
7814 29
7815 29
7816 29
7817 29
7818 29
7819 29
7820 29
7821 29
7822 29
7823 29
7824 29
7825 29
7826 29
7827 29
7828 29
7829 29
7830 29
7831 29
7832 29
7833 29
7834 29
7835 29
7836 30
7837 30
7838 30
7839 30
7840 30
7841 30
7842 30
7843 30
7844 30
7845 30
7846 30
7847 30
7848 30
7849 30
7850 30
7851 30
7852 30
7853 30
7854 30
7855 30
7856 30
7857 30
7858 30
7859 30
7860 30
7861 30
7862 30
7863 30
7864 30
7865 30
7866 30
7867 30
7868 30
7869 30
7870 30
7871 30
7872 30
7873 30
7874 30
7875 30
7876 30
7877 30
7878 30
7879 30
7880 30
7881 30
7882 30
7883 30
7884 30
7885 30
7886 30
7887 30
7888 30
7889 30
7890 30
7891 30
7892 30
7893 30
7894 30
7895 30
7896 30
7897 30
